id   q_262 q_1480 q_819 q_1180 q_1742
4       1      2     5      2      3
5       3      2     5      4      4
6       3      2     5      4      4
7       1      5     2      6      3
11      5      3     5      4      5
13      2      2     4      5      3
14      1      5     4      4      4
15      1      4     3      3      3
16      1      4     3      3      3
17      4      2     5      2      6
23      3      5     3      4      2
24      3      4     3      4      2
29      3      1     5      4      5
30      4      2     5      3      6
31      1      4     3      2      5
34      5      1     6      1      6
36      3      1     6      1      6
39      5      3     6      1      6
44      4      2     5      1      6
45      4      1     6      1      6
46      4      3     6      2      5
47      4      4     4      4      4
50      4      3     5      1      5
51      2      4     3      4      3
52      6      2     5      1      5
53      4      1     6      1      6
55      4      4     5      2      6
60      1      5     2      5      2
63      2      2     5      3      5
65      1      6     1      5      1
71      2      4     4      5      4
74      2      4     2      5      3
78      4      3     5      3      5
83      1      5     2      6      1
85      4      3     5      3      5
86      4      3     5      3      5
87      4      2     5      5      5
88      4      3     4      2      4
89      3      4     3      5      5
90      1      2     5      5      6
94      2      4     4      4      2
98      5      1     6      1      6
101     4      2     5      2      6
103     4      3     6      4      6
104     3      4     3      4      3
106     3      4     5      2      5
107     6      2     5      5      5
109     3      1     5      4      5
110     2      4     5      4      2
111     2      1     6      2      5
112     2      4     4      4      4
113     2      4     5      3      3
115     3      4     5      2      6
117     1      1     6      2      5
119     5      2     5      2      6
120     4      1     6      2      6
124     2      4     2      4      4
125     1      3     4      5      4
127     4      5     4      4      5
128     6      1     6      1      6
129     4      3     4      3      5
130     6      1     6      1      6
131     2      4     4      5      2
132     2      4     3      5      3
136     5      3     4      2      5
138     4      3     5      2      3
139     3      6     2      5      1
140     1      4     6      5      6
141     3      5     3      4      6
142     4      4     3      4      4
144     4      4     4      4      4
145     5      4     5      1      5
146     2      1     5      2      5
147     1      4     5      5      4
148     6      1     6      2      6
149     3      4     5      3      2
154     3      3     5      4      4
156     4      1     6      2      5
158     3      5     2      5      4
162     2      6     1      5      5
166     4      3     5      3      5
169     2      4     4      4      2
170     1      2     4      3      6
172     4      2     5      3      5
174     2      1     6      3      6
176     3      4     5      2      6
177     1      4     4      6      2
178     2      2     5      4      5
180     2      5     2      4      1
181     4      3     6      4      6
182     1      4     4      4      5
183     5      1     6      1      6
184     5      2     5      1      6
186     6      3     5      2      6
190     5      1     6      1      5
192     3      2     5      4      3
193     3      3     5      3      5
196     5      2     6      1      6
197     6      2     6      2      4
198     3      3     5      3      4
199     2      2     6      4      5
200     2      3     4      4      3
201     3      4     6      4      4
203     1      4     4      6      4
206     5      4     5      4      5
207     6      1     5      2      6
209     2      1     6      4      5
210     4      2     5      1      6
214     2      3     5      5      2
215     6      3     4      6      1
217     4      3     4      4      4
218     1      1     6      4      4
219     4      2     5      4      3
221     1      5     3      5      1
222     1      5     3      6      5
223     2      3     5      5      5
227     3      3     5      4      3
228     5      1     6      1      6
229     5      1     6      0      6
232     5      4     5      1      6
233     4      3     5      3      5
236     2      5     1      4      1
237     3      1     6      6      6
242     2      6     5      6      3
243     1      2     5      4      3
244     1      2     5      4      3
245     1      2     5      4      3
250     3      3     5      3      5
251     2      1     6      2      6
252     1      2     5      3      5
253     4      4     5      4      4
254     3      2     5      3      5
257     3      2     5      4      5
258     4      3     4      3      4
259     4      2     5      3      5
260     2      2     5      4      4
261     6      6     6      6      6
264     4      2     5      2      5
265     2      5     3      4      3
268     1      3     4      5      4
269     3      1     6      1      5
272     3      3     5      3      4
273     1      4     3      4      3
274     6      3     4      2      4
275     5      2     6      2      6
276     3      2     5      1      5
277     1      6     2      5      4
278     1      0     0      0      0
279     1      5     3      5      3
280     4      4     4      4      6
284     3      3     4      4      6
287     5      4     5      4      5
288     4      2     5      4      4
290     3      3     4      4      2
295     4      2     3      2      5
296     3      4     5      3      4
297     3      4     3      3      4
298     1      4     4      5      3
300     2      2     5      4      4
301     6      2     6      1      6
302     3      2     5      3      4
303     5      2     5      2      6
304     4      5     2      3      5
305     2      4     3      4      3
309     2      1     5      4      4
310     1      4     2      5      2
313     5      1     5      2      5
315     2      2     6      6      6
316     5      2     5      2      6
317     1      1     5      4      4
318     1      1     6      5      6
319     1      1     6      5      6
321     4      3     5      4      5
331     3      1     5      4      6
332     3      4     3      3      3
334     4      1     6      1      5
335     2      5     3      6      2
336     6      1     6      1      6
339     3      1     6      2      5
341     1      3     4      6      2
342     4      2     5      4      3
343     4      2     5      2      6
345     5      4     6      4      5
346     2      2     5      2      4
348     1      3     4      4      4
351     3      4     4      3      4
352     2      4     3      6      2
353     3      2     4      3      4
354     3      3     5      4      6
358     3      1     6      1      6
362     3      5     3      5      1
371     4      1     6      1      6
372     5      2     5      2      6
373     3      4     5      5      4
375     2      2     5      2      4
376     2      2     5      2      4
379     3      4     5      3      5
380     5      4     5      1      6
382     2      4     4      2      4
383     2      4     4      2      4

