44101
39024
32229
35023
36924
38572
41115
36107
29156
39246
42393
42857
42911
40376
40923
43830
39165
35791
37419
40983
42217
47665
44314
40841
41157
40078
44365
43080
29414
37312
38568
38655
34193
36332
32484
37724
36446
35636
34746
34893
37102
41598
38058
40716
40868
36358
40879
44150
45779
41230
37386
34535
32527
27760
36281
38055
34064
31447
32127
31059
36470
47449
43940
40347
40267
37976
47368
48086
47642
43174
39891
32257
40498
40221
46669
34669
41824
51520
39421
36131
33251
35789
40106
45191
43308
37615
42596
41948
34647
36967
34879
34365
34291
34886
38731
39308
44198
39003
34487
35198
27617
37881
39024
38990
37710
25957
38623
41746
43291
41436
39402
39383
37106
36591
33711
35081
32372
37283
42202
50942
44040
43117
48333
46540
46057
45018
40552
53210
53530
46659
45772
52933
36510
34299
41073
43536
34667
29624
34069
37782
42109
40871
36088
47255
55300
37646
34528
31417
27333
30201
39445
37252
37643
36389
33020
36095
39590
42859
36325
33522
33680
31293
36010
35445
32540
32929
32575
30019
27711
33999
33959
33290
33877
26871
37634
32909
44601
43614
40529
38231
36909
37002
43377
37862
35809
35729
41206
15519
49986
51575
44869
43491
45453
37190
40067
57606
46791
46852
38761
42046
33322
10050
55930
52851
40585
45027
47338
44207
43563
47718
42587
35098
38052
31404
38905
38620
34352
34785
27109
32802
35876
41410
40933
34764
39489
42230
29388
30935
26348
28680
32799
33545
28791
27219
31849
30352
32009
34492
36452
34361
36432
37009
37281
28437
29955
35263
34319
32730
30164
45006
44158
39223
42394
44364
44235
45151
47032
41372
45729
49314
44038
29816
29448
35825
47384
47306
40127
28005
28819
27098
42667
47222
32157
25687
26040
47623
54578
36911
35244
39566
45469
46240
45903
44343
39343
34347
53012
52258
49493
46200
46069
44324
48950
60017
41569
40915
44858
47576
47501
47506
26343
32884
40745
39804
45804
42289
44548
36792
36410
33988
36479
31592
31789
27968
30853
29815
32578
33784
33029
48657
45512
44085
40578
34917
32217
38105
30701
34290
35338
37120
35190
33714
29660
31749
32736
34441
32888
34461
34045
36421
37662
29990
37561
27340
30055
31494
31765
25342
32441
40740
34637
34322
35111
40585
37735
34277
41451
45183
27415
42614
48914
49174
45151
37143
30244
34032
34904
36063
35500
37730
28209
32680
32974
33189
34579
46126
43445
35990
36976
33085
34150
60081
57629
48110
59184
47489
35374
33434
31967
32835
33000
47243
40295
38792
36162
36495
36922
43497
38809
34301
33968
34094
34573
35395
34525
35861
43082
27931
32954
33773
33666
39715
28923
32317
33090
33371
33813
35456
38045
31191
36215
34719
35729
36395
41503
27642
35760
33416
35518
35623
32815
32454
26590
33636
32334
35178
32308
31114
31205
35509
34903
34294
30614
33239
32100
32538
35571
33210
34097
31224
35389
36708
33064
31949
35195
34886
33708
32253
29793
32208
33649
34536
33178
33695
30442
29448
33623
30927
34823
34018
42876
34820
31780
33370
34408
32720
28707
36182
34364
35400
30964
35573
29801
31524
29834
28492
24978
29719
29741
29027
30211
30848
17527
33331
27998
32845
27933
27527
32363
31437
31914
28088
27838
29271
32723
33535
32922
32190
30488
